5
13
21
26
34
35
38
46
48
56
62
67
69
75
80
86
92
99
107
112
117
125
134
140
146
151
156
162
171
178
185
194
201
207
212
219
221
226
232
238
245
251
255
263
271
279
282
290
298
300
307
313
319
328
334
340
342
349
355
363
369
373
381
382
386
392
399
407
408
415
421
427
433
439
444
452
458
466
469
473
478
481
485
486
493
499
506
510
513
519
528
536
544
552
558
566
571
579
584
585
593
599
605
609
617
625
630
638
643
649
657
662
669
674
682
688
693
697
698
706
711
716
721
726
731
737
743
751
757
762
767
773
778
786
788
794
796
804
810
816
823
830
838
840
844
852
858
863
866
871
879
886
894
900
901
903
911
918
926
931
937
942
948
953
961
967
973
981
985
993
1001
1007
1014
1019
1025
1030
1036
1037
1045
1051
1060
1067
1075
1083
1091
1099
1103
1109
1115
1122
1128
1132
1138
1146
1152
1158
1166
1172
1180
1189
1197
1203
1208
1216
1221
1229
1236
1241
1249
1257
1263
1271
1279
1286
1290
1296
1297
1300
1305
1311
1319
1327
1330
1338
1343
1351
1357
1362
1370
1378
1387
1395
1400
1407
1413
1414
1421
1423
1429
1433
1441
1444
1449
1453
1459
1465
1473
1481
1489
1496
1502
1507
1515
1523
1527
1535
1543
1549
1557
1565
1567
1575
1584
1591
1599
1604
1612
1617
1619
1625
1632
1639
1641
1649
1655
1663
1665
1673
1678
1681
1690
1698
1706
1708
1714
1719
1724
1730
1734
1742
1750
1756
1764
1767
1774
1777
1780
1788
1796
1802
1810
1816
1824
1830
1833
1838
1847
1852
1860
1867
1871
1877
1885
1889
1897
1904
1907
1915
1918
1926
1931
1934
1942
1948
1956
1961
1967
1973
1979
1985
1993
1994
2000
2009
2017
2025
2033
2038
2046
2048
2054
2059
2065
2073
2079
2086
2094
2102
2108
2114
2120
2126
2134
2142
2147
2155
2161
2168
2174
2179
2188
2194
2199
2207
2212
2213
2221
2224
2230
2233
2240
2247
2249
2255
2261
2269
2275
2283
2289
2296
2297
2303
2307
2313
2321
2328
2336
2342
2348
2353
2359
2365
2373
2381
2389
2397
2403
2406
2409
2417
2425
2430
2434
2442
2446
2454
2461
2465
2470
2474
2482
2489
2490
2498
2500
2507
2513
2521
2529
2537
2541
2545
2551
2555
2556
2562
2565
2571
2579
2588
2595
2603
2609
2615
2620
2626
2631
2635
2637
2641
2647
2651
2653
2659
2665
2671
2678
2681
2689
2696
2704
2711
2719
2725
2732
2738
2744
2750
2753
2761
2763
2769
2777
2785
2793
2799
2805
2811
2815
2823
2829
2837
2843
2849
2855
2863
2868
2874
2882
2888
2892
2898
2901
2909
2913
2921
2929
2930
2935
2943
2951
2956
2963
2971
2975
2983
2992
2997
3001
3003
3010
3016
3024
3030
3038
3044
3050
3056
3062
3069
3071
3079
3085
3093
3099
3105
3113
3119
3122
3130
3135
3142
3147
3153
3159
3165
3174
3178
3186
3194
3202
3210
3217
3221
3225
3234
3238
3244
3245
3246
3251
3257
3258
3264
3272
3280
3284
3290
3296
3302
3308
3314
3319
3327
3333
3341
3349
3358
3364
3369
3378
3382
3388
3397
3403
3409
3417
3423
3431
3434
3442
3447
3453
3459
3467
3474
3482
3487
3493
3500
3501
3506
3514
3522
3530
3537
3539
3544
3548
3552
3560
3564
3572
3580
3586
3592
3598
3606
3613
3621
3629
3635
3643
3649
3654
3661
3665
3673
3678
3687
3695
3699
3707
3708
3716
3720
3726
3732
3733
3741
3750
3756
3763
3769
3772
3775
3776
3784
3790
3796
3797
3806
3814
3820
3825
3830
3837
3843
3852
3860
3868
3870
3878
3886
3894
3898
3907
3916
3920
3924
3930
3938
3946
3954
3959
3961
3966
3970
3976
3983
3989
3991
3997
4003
4009
4013
4019
4022
4029
4034
4038
4046
4051
4059
4064
4072
4078
4082
4087
4091
4096
4102
4110
4118
4119
4125
4129
4133
4134
4141
4147
4152
4158
4165
4173
4179
4183
4191
4199
4200
4206
4213
4219
4226
4234
4240
4247
4251
4257
4259
4265
4271
4277
4280
4284
4291
4296
4304
4311
4317
4325
4330
4336
4344
4352
4360
4367
4371
4379
4385
4393
4400
4408
4416
4423
4426
4432
4437
4445
4448
4456
4464
4469
4477
4483
4490
4496
4502
4511
4513
4521
4528
4535
4539
4543
4550
4554
4558
4559
4567
4575
4583
4584
4590
4594
4602
4608
4614
4616
4623
4631
4636
4645
4649
4655
4661
4666
4674
4680
4688
4691
4698
4705
4713
4719
4724
4730
4736
4742
4749
4755
4761
4767
4775
4784
4792
4793
4796
4802
4808
4812
4820
4825
4833
4839
4844
4845
4850
4858
4865
4871
4876
4882
4888
4895
4897
4903
4911
4915
4923
4929
4938
4945
4948
4954
4958
4964
4972
4976
4981
4989
4992
4995
5000
5008
5014
5022
5028
5034
5041
5047
5055
5063
5072
5073
5081
5088
5096
5102
5108
5115
5121
5125
5131
5135
5140
5145
5150
5158
5161
5167
5173
5178
5182
5190
5194
5199
5203
5207
5213
5221
5228
5236
5238
5246
5250
5257
5265
5273
5279
5284
5290
5298
5305
5310
5315
5323
5331
5334
5342
5349
5355
5363
5371
5374
5382
5388
5391
5397
5403
5406
5412
5416
5417
5423
5428
5433
5435
5443
5451
5457
5463
5470
5473
5481
5482
5490
5496
5502
5510
5516
5523
5527
5532
5538
5540
5548
5552
5556
5562
5570
5579
5583
5589
5597
5603
5605
5613
5614
5619
5621
5625
5629
5637
5645
5646
5654
5658
5666
5672
5675
5681
5689
5694
5699
5704
5708
5712
5715
5722
5729
5734
5738
5742
5748
5751
5759
5762
5767
5775
5783
5787
5790
5796
5797
5805
5813
5821
5829
5836
5844
5852
5856
5861
5864
5868
5874
5877
5882
5890
5898
5904
5909
5914
5922
5928
5934
5939
5944
5950
5955
5960
5965
5973
5978
5983
5988
5991
5999
6007
6015
6019
6027
6035
6043
6048
6051
6058
6066
6069
6076
6084
6088
6094
6101
6104
6111
6115
6120
6127
6135
6141
6146
6151
6160
6162
6170
6175
6181
6187
6189
6197
6205
6209
6215
6216
6217
6221
6229
6235
6237
6241
6246
6254
6262
6270
6277
6283
6291
6300
6308
6314
6321
6322
6330
6334
6339
6345
6347
6354
6358
6365
6371
6375
6381
6384
6390
6398
6400
6405
6411
6417
6423
6428
6430
6433
6441
6445
6453
6461
6462
6469
6477
6485
6493
6499
6505
6511
6517
6520
6526
6534
6543
6551
6554
6562
6566
6571
6579
6583
6589
6595
6603
6611
6616
6624
6630
6637
6641
6646
6647
6653
6659
6667
6669
6674
6677
6682
6690
6698
6703
6707
6709
6712
6714
6722
6724
6731
6734
6740
6747
6753
6756
6764
6771
6779
6787
6795
6800
6808
6816
6822
6829
6833
6836
6844
6853
6859
6866
6872
6877
6885
6894
6900
6908
6914
6916
6923
6927
6929
6930
6939
6944
6945
6946
6952
6959
6965
6971
6976
6982
6988
6996
7001
7007
7016
7020
7028
7033
7040
7048
7054
7060
7069
7077
7083
7089
7097
7098
7103
7108
7114
7122
7125
7129
7130
7134
7140
7148
7156
7165
7171
7177
7181
7190
7196
7204
7208
7213
7220
7225
7234
7240
7248
7254
7260
7268
7274
7276
7284
7289
7292
7298
7304
7305
7310
7318
7324
7329
7337
7343
7351
7360
7366
7372
7376
7382
7383
7391
7397
7404
7410
7418
7424
7430
7436
7444
7449
7455
7462
7470
7474
7480
7482
7488
7496
7502
7509
7513
7515
7523
7530
7536
7544
7551
7558
7563
7571
7577
7585
7594
7597
7605
7613
7621
7627
7635
7641
7649
7655
7659
7663
7671
7674
7678
7687
7693
7700
7708
7717
7723
7724
7730
7738
7746
7755
7757
7763
7769
7775
7784
7789
7797
7803
7807
7814
7819
7825
7828
7834
7839
7847
7855
7857
7863
7871
7877
7883
7889
7893
7895
7903
7908
7912
7918
7923
7928
7934
7938
7945
7951
7957
7962
7966
7969
7976
7985
7993
7995
8000
8006
8011
8018
8025
8030
8034
8040
8048
8057
8063
8070
8078
8084
8087
8095
8101
8108
8112
8118
8126
8132
8139
8140
8146
8149
8155
8161
8169
8177
8183
8191
8199
8205
8212
8220
8221
8229
8233
8238
8241
8249
8256
8258
8262
8268
8276
8285
8286
8292
8298
8302
8307
8311
8317
8319
8325
8333
8339
8345
8353
8361
8368
8376
8384
8392
8400
8403
8409
8418
8423
8431
8437
8439
8443
8451
8453
8461
8463
8469
8473
8475
8477
8483
8487
8495
8504
8512
8518
8520
8526
8535
8541
8549
8555
8561
8569
8577
8582
8590
8596
8601
8609
8611
8619
8627
8633
8641
8647
8648
8649
8654
8660
8666
8672
8674
8679
8684
8692
8695
8703
8705
8710
8716
8721
8727
8733
8739
8745
8750
8754
8760
8769
8774
8782
8790
8796
8798
8803
8807
8813
8820
8827
8835
8843
8850
8856
8859
8867
8873
8879
8887
8891
8897
8905
8911
8917
8925
8928
8933
8934
8942
8949
8955
8960
8965
8973
8978
8986
8990
8993
8996
9001
9007
9013
9019
9023
9032
9040
9043
9051
9056
9061
9065
9068
9075
9080
9088
9096
9102
9110
9116
9122
9128
9133
9137
9142
9145
9151
9158
9167
9175
9183
9190
9192
9200
9207
9208
9217
9221
9227
9235
9242
9246
9255
9263
9271
9276
9282
9290
9296
9302
9309
9317
9325
9333
9338
9344
9350
9358
9364
9370
9378
9384
9389
9396
9400
9405
9408
9412
9417
9425
9432
9440
9446
9452
9460
9462
9468
9475
9481
9489
9495
9504
9511
9517
9523
9529
9533
9538
9544
9550
9557
9563
9565
9570
9578
9580
9588
9594
9602
9608
9616
9625
9633
9641
9650
9656
9660
9667
9668
9673
9679
9687
9696
9704
9710
9713
9719
9725
9730
9734
9742
9746
9755
9761
9769
9778
9779
9787
9794
9799
9807
9815
9821
9829
9835
9841
9849
9855
9862
9866
9872
9880
9887
9895
9896
9902
9903
9907
9913
9921
9926
9932
9936
9944
9952
9957
9963
9971
9979
9987
9995
9999
10005
10012
10017
10025
10027
10033
10038
10044
10053
10059
10065
10070
10072
10078
10084
10089
10092
10098
10104
10109
10114
10122
10128
10134
10142
10150
10155
10156
10162
10166
10174
10180
10185
10193
10198
10202
10211
10217
10222
10230
10236
10242
10251
10257
10260
10266
10274
10281
10289
10297
10302
10308
10314
10323
10324
10330
10332
10338
10342
10346
10352
10360
10363
10371
10379
10387
10392
10399
10403
10407
10414
10418
10426
10435
10443
10449
10455
10460
10466
10475
10483
10489
10495
10498
10504
10512
10515
10521
10527
10535
10541
10549
10557
10565
10570
10575
10584
10590
10595
10600
10605
10611
10620
10623
10629
10635
10643
10649
10655
10663
10670
10678
10682
10691
10696
10704
10711
10715
10720
10726
10734
10743
10749
10754
10763
10772
10778
10779
10784
10790
10794
10797
10804
10810
10818
10822
10828
10836
10844
10848
10856
10862
10866
10871
10875
10883
10891
10899
10903
10907
10911
10916
10921
10929
10932
10937
10941
10944
10950
10954
10961
10963
10970
10972
10980
10987
10995
10998
11004
11011
11015
11023
11029
11032
11037
11043
11050
11053
11059
11067
11072
11077
11084
11088
11095
11103
11109
11117
11119
11122
11127
11133
11142
11143
11149
11156
11164
11168
11174
11183
11191
11199
11206
11214
11219
11227
11233
11238
11244
11252
11257
11263
11271
11280
11281
11288
11294
11298
11305
11313
11321
11327
11333
11341
11347
11350
11355
11361
11367
11371
11377
11381
11387
11391
11399
11404
11412
11417
11423
11432
11438
11445
11449
11458
11466
11470
11476
11482
11488
11496
11502
11504
11510
11518
11520
11528
11534
11540
11546
11552
11560
11566
11574
11582
11587
11591
11592
11596
11602
11609
11612
11617
11625
11633
11637
11641
11649
11650
11653
11658
11666
11672
11678
11683
11689
11690
11698
11703
11708
11716
11724
11732
11734
11743
11750
11753
11756
11761
11767
11774
11779
11786
11794
11802
11808
11815
11820
11829
11835
11838
11841
11850
11856
11862
11870
11875
11880
11886
11894
11900
11905
11910
11918
11926
11933
11941
11946
11951
11958
11961
11966
11968
11974
11980
11983
11988
11997
12005
12010
12019
12027
12033
12035
12042
12044
12052
12055
12063
12069
12075
12083
12089
12095
12104
12111
12115
12121
12130
12135
12143
12146
12152
12160
12166
12175
12183
12191
12199
12205
12213
12220
12226
12234
12239
12241
12249
12253
12259
12267
12273
12279
12288
12295
12302
12308
12316
12320
12325
12331
12339
12342
12346
12354
12357
12358
12363
12372
12375
12381
12387
12388
12396
12404
12408
12409
12413
12419
12424
12429
12436
12442
12449
12450
12459
12465
12473
12481
12490
12498
12506
12512
12517
12525
12529
12537
12541
12545
12554
12562
12564
12570
12577
12583
12591
12595
12604
12606
12611
12619
12622
12626
12632
12640
12646
12652
12656
12662
12670
12672
12678
12684
12690
12692
12700
12706
12714
12719
12724
12725
12731
12732
12738
12746
12748
12753
12759
12767
12773
12779
12785
12789
12798
12800
12808
12815
12823
12829
12835
12838
12844
12850
12856
12860
12862
12870
12878
12884
12890
12894
12899
12903
12911
12917
12925
12933
12941
12943
12945
12951
12959
12965
12971
12978
12984
12989
12997
13003
13008
13014
13015
13023
13031
13037
13040
13045
13054
13062
13070
13072
13080
13085
13093
13101
13104
13112
13118
13126
13131
13134
13137
13144
13147
13152
13160
13163
13164
13170
13177
13183
13188
13191
13193
13201
13209
13217
13219
13221
13229
13234
13242
13250
13256
13257
13259
13260
13265
13274
13280
13288
13296
13303
13308
13316
13322
13326
13334
13337
13343
13349
13358
13363
13364
13366
13374
13375
13384
13390
13396
13402
13411
13417
13424
13430
13435
13441
13450
13457
13463
13464
13472
13477
13483
13492
13498
13505
13513
13515
13523
13532
13537
13545
13547
13553
13558
13567
13573
13582
13591
13593
13599
13603
13608
13615
13617
13623
13629
13637
13639
13646
13655
13658
13663
13668
13673
13680
13685
13691
13699
13705
13711
13719
13726
13732
13734
13740
13741
13746
13747
13755
13757
13764
13773
13777
13783
13791
13797
13803
13809
13814
13820
13821
13829
13836
13842
13848
13854
13861
13869
13877
13885
13891
13899
13907
13915
13923
13924
13930
13937
13938
13946
13953
13961
13969
13977
13984
13993
13999
14007
14013
14019
14023
14030
14038
14044
14052
14055
14059
14065
14073
14079
14084
14092
14095
14101
14107
14111
14119
14126
14129
14135
14143
14149
14156
14164
14170
14177
14185
14190
14198
14203
14204
14210
14217
14220
14228
14231
14235
14240
14244
14250
14254
14260
14269
14273
14276
14282
14289
14297
14305
14312
14318
14324
14328
14332
14338
14344
14351
14355
14361
14369
14378
14383
14388
14396
14404
14409
14417
14423
14429
14436
14441
14449
14453
14461
14469
14473
14481
14489
14497
14503
14511
14519
14525
14534
14539
14546
14552
14556
14557
14564
14572
14581
14589
14594
14602
14607
14615
14620
14625
14631
14639
14647
14654
14658
14663
14667
14673
14679
14685
14693
14702
14710
14716
14724
14733
14738
14744
14750
14754
14759
14765
14774
14780
14787
14790
14796
14805
14814
14817
14820
14826
14832
14838
14842
14850
14853
14859
